4 0 0.4984375 0.078125 0.4984375 0.078125 0.6765625 0 0.6765625
4 0.1984375 0.375 0.2578125 0.375 0.2578125 0.4765625 0.1984375 0.4765625
4 0.26875 0.38125 0.325 0.38125 0.325 0.4796875 0.26875 0.4796875
4 0.246875 0.3484375 0.29375 0.3484375 0.29375 0.4328125 0.246875 0.4328125
4 0.3078125 0.35 0.353125 0.35 0.353125 0.43125 0.3078125 0.43125
4 0.453125 0.3890625 0.4921875 0.3890625 0.4921875 0.4859375 0.453125 0.4859375
4 0.4578125 0.3609375 0.5109375 0.3609375 0.5109375 0.44375 0.4578125 0.44375
4 0.51875 0.35625 0.5625 0.35625 0.5625 0.4390625 0.51875 0.4390625
4 0.5234375 0.3859375 0.575 0.3859375 0.575 0.4875 0.5234375 0.4875
4 0.45 0.4515625 0.525 0.4515625 0.525 0.5875 0.45 0.5875
4 0.5421875 0.4546875 0.628125 0.4546875 0.628125 0.5921875 0.5421875 0.5921875
4 0.7578125 0.4015625 0.8375 0.4015625 0.8375 0.515625 0.7578125 0.515625
4 0.6953125 0.365625 0.75 0.365625 0.75 0.4546875 0.6953125 0.4546875