3 0.059375 0.171875 0.121875 0.171875 0.121875 0.2578125 0.059375 0.2578125
3 0.1171875 0.1421875 0.2 0.1421875 0.2 0.2578125 0.1171875 0.2578125
3 0.0953125 0.2390625 0.2609375 0.2390625 0.2609375 0.6859375 0.0953125 0.6859375
3 0.225 0.3078125 0.3421875 0.3078125 0.3421875 0.675 0.225 0.675
3 0.490625 0.159375 0.565625 0.159375 0.565625 0.284375 0.490625 0.284375
3 0.49375 0.3359375 0.5796875 0.3359375 0.5796875 0.4875 0.49375 0.4875
3 0.4515625 0.5484375 0.6375 0.5484375 0.6375 0.825 0.4515625 0.825
3 0.6875 0.16875 0.7734375 0.16875 0.7734375 0.4390625 0.6875 0.4390625
3 0.746875 0.3234375 0.8375 0.3234375 0.8375 0.4796875 0.746875 0.4796875
3 0.8453125 0.3140625 0.9328125 0.3140625 0.9328125 0.46875 0.8453125 0.46875
3 0.828125 0.5359375 1 0.5359375 1 0.790625 0.828125 0.790625