3 0.0640625 0.1734375 0.125 0.1734375 0.125 0.2578125 0.0640625 0.2578125
3 0.1078125 0.14375 0.19375 0.14375 0.19375 0.2640625 0.1078125 0.2640625
3 0.090625 0.2421875 0.2640625 0.2421875 0.2640625 0.6859375 0.090625 0.6859375
3 0.225 0.3015625 0.34375 0.3015625 0.34375 0.7 0.225 0.7
3 0.4890625 0.153125 0.565625 0.153125 0.565625 0.284375 0.4890625 0.284375
3 0.484375 0.328125 0.5796875 0.328125 0.5796875 0.4828125 0.484375 0.4828125
3 0.453125 0.575 0.6046875 0.575 0.6046875 0.83125 0.453125 0.83125
3 0.6875 0.1734375 0.7734375 0.1734375 0.7734375 0.4375 0.6875 0.4375
3 0.75 0.328125 0.8390625 0.328125 0.8390625 0.471875 0.75 0.471875
3 0.8453125 0.3140625 0.9296875 0.3140625 0.9296875 0.465625 0.8453125 0.465625
3 0.8328125 0.5421875 1 0.5421875 1 0.784375 0.8328125 0.784375