4 0 0.4953125 0.0765625 0.4953125 0.0765625 0.678125 0 0.678125
4 0.20625 0.3796875 0.25625 0.3796875 0.25625 0.465625 0.20625 0.465625
4 0.2484375 0.35 0.29375 0.35 0.29375 0.428125 0.2484375 0.428125
4 0.2765625 0.390625 0.3234375 0.390625 0.3234375 0.4796875 0.2765625 0.4796875
4 0.3078125 0.353125 0.353125 0.353125 0.353125 0.434375 0.3078125 0.434375
4 0.4515625 0.3859375 0.490625 0.3859375 0.490625 0.4828125 0.4515625 0.4828125
4 0.4625 0.365625 0.5140625 0.365625 0.5140625 0.4375 0.4625 0.4375
4 0.51875 0.3515625 0.5625 0.3515625 0.5625 0.4359375 0.51875 0.4359375
4 0.5234375 0.3875 0.578125 0.3875 0.578125 0.4796875 0.5234375 0.4796875
4 0.45 0.459375 0.525 0.459375 0.525 0.5890625 0.45 0.5890625
4 0.5390625 0.4546875 0.628125 0.4546875 0.628125 0.6 0.5390625 0.6
4 0.6984375 0.3734375 0.7546875 0.3734375 0.7546875 0.45 0.6984375 0.45
4 0.75625 0.4046875 0.8390625 0.4046875 0.8390625 0.5109375 0.75625 0.5109375