3 0.0328125 0.11875 0.096875 0.11875 0.096875 0.2515625 0.0328125 0.2515625
3 0.0921875 0.1625 0.19375 0.1625 0.19375 0.421875 0.0921875 0.421875
3 0.2265625 0.34375 0.3328125 0.34375 0.3328125 0.4890625 0.2265625 0.4890625
3 0.484375 0.153125 0.5390625 0.153125 0.5390625 0.2734375 0.484375 0.2734375
3 0.5 0.340625 0.5828125 0.340625 0.5828125 0.4765625 0.5 0.4765625
2 0.4484375 0.4328125 0.5609375 0.4328125 0.5609375 0.81875 0.4484375 0.81875
3 0.6875 0.190625 0.784375 0.190625 0.784375 0.4421875 0.6875 0.4421875
3 0.753125 0.3328125 0.853125 0.3328125 0.853125 0.4703125 0.753125 0.4703125
2 0.85625 0.3046875 0.9453125 0.3046875 0.9453125 0.4765625 0.85625 0.4765625
3 0.8375 0.5234375 0.9984375 0.5234375 0.9984375 0.8671875 0.8375 0.8671875
3 0 0.40625 0.184375 0.40625 0.184375 0.9984375 0 0.9984375