3 0.8734375 0.4484375 0.9984375 0.4484375 0.9984375 0.996875 0.8734375 0.996875
3 0.765625 0.5 0.8671875 0.5 0.8671875 0.678125 0.765625 0.678125
3 0.6484375 0.3796875 0.721875 0.3796875 0.721875 0.61875 0.6484375 0.61875
3 0.6828125 0.315625 0.7484375 0.315625 0.7484375 0.4 0.6828125 0.4
3 0.4734375 0.478125 0.590625 0.478125 0.590625 0.95 0.4734375 0.95
3 0.465625 0.334375 0.525 0.334375 0.525 0.41875 0.465625 0.41875
3 0.353125 0.25625 0.4078125 0.25625 0.4078125 0.4859375 0.353125 0.4859375
3 0.2625 0.2171875 0.3578125 0.2171875 0.3578125 0.55 0.2625 0.55
3 0.1953125 0.25625 0.2453125 0.25625 0.2453125 0.446875 0.1953125 0.446875
3 0.0859375 0.3828125 0.2 0.3828125 0.2 0.5390625 0.0859375 0.5390625
3 0.003125 0.3421875 0.0859375 0.3421875 0.0859375 0.7453125 0.003125 0.7453125