3 0.05 0.1125 0.1171875 0.1125 0.1171875 0.2578125 0.05 0.2578125
3 0.1140625 0.1734375 0.2 0.1734375 0.2 0.2640625 0.1140625 0.2640625
3 0.0859375 0.225 0.2515625 0.225 0.2515625 0.6890625 0.0859375 0.6890625
3 0.221875 0.2890625 0.346875 0.2890625 0.346875 0.6921875 0.221875 0.6921875
3 0.4765625 0.1359375 0.5625 0.1359375 0.5625 0.2953125 0.4765625 0.2953125
3 0.4859375 0.334375 0.5796875 0.334375 0.5796875 0.490625 0.4859375 0.490625
3 0.453125 0.5171875 0.6140625 0.5171875 0.6140625 0.846875 0.453125 0.846875
3 0.6875 0.16875 0.7734375 0.16875 0.7734375 0.4421875 0.6875 0.4421875
3 0.746875 0.33125 0.8375 0.33125 0.8375 0.4859375 0.746875 0.4859375
3 0.8484375 0.3078125 0.9359375 0.3078125 0.9359375 0.4734375 0.8484375 0.4734375
3 0.8421875 0.490625 1 0.490625 1 0.790625 0.8421875 0.790625