3 0.7796875 0.46875 0.8515625 0.46875 0.8515625 0.6875 0.7796875 0.6875
3 0.8140625 0.503125 0.9265625 0.503125 0.9265625 0.9828125 0.8140625 0.9828125
3 0.6640625 0.36875 0.715625 0.36875 0.715625 0.6375 0.6640625 0.6375
3 0.703125 0.3109375 0.753125 0.3109375 0.753125 0.4296875 0.703125 0.4296875
3 0.46875 0.3140625 0.5265625 0.3140625 0.5265625 0.4234375 0.46875 0.4234375
3 0.4828125 0.5078125 0.5953125 0.5078125 0.5953125 0.9453125 0.4828125 0.9453125
3 0.3453125 0.2328125 0.40625 0.2328125 0.40625 0.5046875 0.3453125 0.5046875
3 0.2328125 0.3109375 0.3171875 0.3109375 0.3171875 0.5671875 0.2328125 0.5671875
3 0.1703125 0.328125 0.23125 0.328125 0.23125 0.44375 0.1703125 0.44375
3 0.1 0.375 0.1875 0.375 0.1875 0.6640625 0.1 0.6640625
3 0.003125 0.378125 0.1140625 0.378125 0.1140625 0.759375 0.003125 0.759375