4 0.0015625 0.5015625 0.078125 0.5015625 0.078125 0.6828125 0.0015625 0.6828125
4 0.203125 0.3765625 0.2578125 0.3765625 0.2578125 0.471875 0.203125 0.471875
4 0.24375 0.3484375 0.29375 0.3484375 0.29375 0.4328125 0.24375 0.4328125
4 0.2703125 0.390625 0.3234375 0.390625 0.3234375 0.4796875 0.2703125 0.4796875
4 0.3078125 0.3546875 0.3515625 0.3546875 0.3515625 0.4296875 0.3078125 0.4296875
4 0.4578125 0.3609375 0.5140625 0.3609375 0.5140625 0.434375 0.4578125 0.434375
4 0.453125 0.3890625 0.4921875 0.3890625 0.4921875 0.4828125 0.453125 0.4828125
4 0.5390625 0.4546875 0.6296875 0.4546875 0.6296875 0.6 0.5390625 0.6
4 0.525 0.3828125 0.5765625 0.3828125 0.5765625 0.490625 0.525 0.490625
4 0.753125 0.4078125 0.840625 0.4078125 0.840625 0.5109375 0.753125 0.5109375
4 0.696875 0.35625 0.753125 0.35625 0.753125 0.45 0.696875 0.45