3 0.0609375 0.1390625 0.121875 0.1390625 0.121875 0.25 0.0609375 0.25
3 0.1125 0.1609375 0.1875 0.1609375 0.1875 0.2546875 0.1125 0.2546875
3 0.0984375 0.240625 0.2640625 0.240625 0.2640625 0.6875 0.0984375 0.6875
3 0.225 0.303125 0.3421875 0.303125 0.3421875 0.68125 0.225 0.68125
3 0.4921875 0.1515625 0.5640625 0.1515625 0.5640625 0.2890625 0.4921875 0.2890625
3 0.4921875 0.3375 0.5796875 0.3375 0.5796875 0.4859375 0.4921875 0.4859375
3 0.453125 0.525 0.6203125 0.525 0.6203125 0.784375 0.453125 0.784375
3 0.684375 0.1734375 0.7734375 0.1734375 0.7734375 0.4421875 0.684375 0.4421875
3 0.746875 0.325 0.8359375 0.325 0.8359375 0.4828125 0.746875 0.4828125
3 0.846875 0.3171875 0.93125 0.3171875 0.93125 0.471875 0.846875 0.471875
3 0.8375 0.54375 1 0.54375 1 0.7921875 0.8375 0.7921875