3 0.0609375 0.1328125 0.134375 0.1328125 0.134375 0.25625 0.0609375 0.25625
3 0.121875 0.13125 0.190625 0.13125 0.190625 0.4234375 0.121875 0.4234375
3 0.2234375 0.309375 0.340625 0.309375 0.340625 0.696875 0.2234375 0.696875
3 0.29375 0.45 0.525 0.45 0.525 1 0.29375 1
3 0.5046875 0.5546875 0.6328125 0.5546875 0.6328125 0.8234375 0.5046875 0.8234375
3 0.49375 0.3421875 0.5875 0.3421875 0.5875 0.4828125 0.49375 0.4828125
3 0.4875 0.1578125 0.5625 0.1578125 0.5625 0.275 0.4875 0.275
3 0.6875 0.1640625 0.775 0.1640625 0.775 0.44375 0.6875 0.44375
3 0.746875 0.31875 0.8375 0.31875 0.8375 0.4671875 0.746875 0.4671875
3 0.846875 0.3078125 0.9390625 0.3078125 0.9390625 0.46875 0.846875 0.46875
3 0.8390625 0.528125 1 0.528125 1 0.7921875 0.8390625 0.7921875