4 0.0015625 0.496875 0.078125 0.496875 0.078125 0.6765625 0.0015625 0.6765625
4 0.2046875 0.3703125 0.2578125 0.3703125 0.2578125 0.4703125 0.2046875 0.4703125
4 0.246875 0.3515625 0.2953125 0.3515625 0.2953125 0.428125 0.246875 0.428125
4 0.2734375 0.3859375 0.3234375 0.3859375 0.3234375 0.4765625 0.2734375 0.4765625
4 0.3109375 0.35625 0.3515625 0.35625 0.3515625 0.4234375 0.3109375 0.4234375
4 0.4578125 0.3578125 0.5140625 0.3578125 0.5140625 0.4390625 0.4578125 0.4390625
4 0.5171875 0.353125 0.565625 0.353125 0.565625 0.4375 0.5171875 0.4375
4 0.521875 0.384375 0.5765625 0.384375 0.5765625 0.484375 0.521875 0.484375
4 0.4515625 0.3875 0.4953125 0.3875 0.4953125 0.48125 0.4515625 0.48125
4 0.446875 0.4546875 0.5234375 0.4546875 0.5234375 0.5875 0.446875 0.5875
4 0.540625 0.4453125 0.6296875 0.4453125 0.6296875 0.6015625 0.540625 0.6015625
4 0.6921875 0.35625 0.746875 0.35625 0.746875 0.45 0.6921875 0.45
4 0.753125 0.4046875 0.840625 0.4046875 0.840625 0.5140625 0.753125 0.5140625