3 0.05 0.1703125 0.1203125 0.1703125 0.1203125 0.25 0.05 0.25
3 0.1046875 0.1640625 0.184375 0.1640625 0.184375 0.4359375 0.1046875 0.4359375
3 0.2171875 0.30625 0.3421875 0.30625 0.3421875 0.678125 0.2171875 0.678125
3 0.2890625 0.4421875 0.5328125 0.4421875 0.5328125 1 0.2890625 1
3 0.49375 0.5515625 0.625 0.5515625 0.625 0.828125 0.49375 0.828125
3 0.5 0.3421875 0.584375 0.3421875 0.584375 0.4765625 0.5 0.4765625
3 0.4875 0.15625 0.5640625 0.15625 0.5640625 0.28125 0.4875 0.28125
3 0.6890625 0.1734375 0.775 0.1734375 0.775 0.434375 0.6890625 0.434375
3 0.746875 0.3296875 0.8375 0.3296875 0.8375 0.4671875 0.746875 0.4671875
3 0.846875 0.3171875 0.9375 0.3171875 0.9375 0.475 0.846875 0.475
3 0.825 0.5375 0.996875 0.5375 0.996875 0.784375 0.825 0.784375