3 0.065625 0.1125 0.134375 0.1125 0.134375 0.2515625 0.065625 0.2515625
3 0.121875 0.153125 0.1953125 0.153125 0.1953125 0.4328125 0.121875 0.4328125
3 0.221875 0.2984375 0.3296875 0.2984375 0.3296875 0.4765625 0.221875 0.4765625
3 0.49375 0.1625 0.5640625 0.1625 0.5640625 0.2796875 0.49375 0.2796875
3 0.49375 0.3515625 0.584375 0.3515625 0.584375 0.4765625 0.49375 0.4765625
3 0.2875 0.45625 0.546875 0.45625 0.546875 1 0.2875 1
3 0.496875 0.5484375 0.6390625 0.5484375 0.6390625 0.865625 0.496875 0.865625
3 0.6921875 0.1765625 0.775 0.1765625 0.775 0.428125 0.6921875 0.428125
3 0.753125 0.33125 0.8375 0.33125 0.8375 0.4625 0.753125 0.4625
3 0.85 0.3109375 0.9375 0.3109375 0.9375 0.471875 0.85 0.471875
3 0.8421875 0.528125 1 0.528125 1 0.7796875 0.8421875 0.7796875