3 0.040625 0.175 0.1140625 0.175 0.1140625 0.25 0.040625 0.25
3 0.1078125 0.171875 0.1890625 0.171875 0.1890625 0.4328125 0.1078125 0.4328125
3 0.2171875 0.3140625 0.34375 0.3140625 0.34375 0.684375 0.2171875 0.684375
3 0.284375 0.4453125 0.5421875 0.4453125 0.5421875 1 0.284375 1
3 0.49375 0.55625 0.6265625 0.55625 0.6265625 0.815625 0.49375 0.815625
3 0.4890625 0.3359375 0.5828125 0.3359375 0.5828125 0.4765625 0.4890625 0.4765625
3 0.4859375 0.15625 0.5625 0.15625 0.5625 0.278125 0.4859375 0.278125
3 0.6921875 0.1625 0.7734375 0.1625 0.7734375 0.44375 0.6921875 0.44375
3 0.75 0.325 0.8375 0.325 0.8375 0.4703125 0.75 0.4703125
3 0.85 0.3109375 0.9375 0.3109375 0.9375 0.4796875 0.85 0.4796875
3 0.825 0.53125 1 0.53125 1 0.7890625 0.825 0.7890625