3 0.0609375 0.115625 0.125 0.115625 0.125 0.253125 0.0609375 0.253125
3 0.11875 0.1609375 0.1921875 0.1609375 0.1921875 0.25625 0.11875 0.25625
3 0.1 0.221875 0.2546875 0.221875 0.2546875 0.684375 0.1 0.684375
3 0.23125 0.3109375 0.3421875 0.3109375 0.3421875 0.6828125 0.23125 0.6828125
3 0.4859375 0.1296875 0.5578125 0.1296875 0.5578125 0.2640625 0.4859375 0.2640625
3 0.4890625 0.3421875 0.5828125 0.3421875 0.5828125 0.4796875 0.4890625 0.4796875
3 0.4828125 0.51875 0.6265625 0.51875 0.6265625 0.8109375 0.4828125 0.8109375
3 0.6890625 0.171875 0.7734375 0.171875 0.7734375 0.4453125 0.6890625 0.4453125
3 0.753125 0.33125 0.84375 0.33125 0.84375 0.4640625 0.753125 0.4640625
3 0.846875 0.3125 0.93125 0.3125 0.93125 0.475 0.846875 0.475
3 0.8375 0.5359375 1 0.5359375 1 0.7875 0.8375 0.7875