4 0 0.48125 0.078125 0.48125 0.078125 0.675 0 0.675
4 0.20625 0.3734375 0.259375 0.3734375 0.259375 0.4671875 0.20625 0.4671875
4 0.25 0.35 0.2953125 0.35 0.2953125 0.4359375 0.25 0.4359375
4 0.2796875 0.39375 0.3234375 0.39375 0.3234375 0.4765625 0.2796875 0.4765625
4 0.3078125 0.35 0.3515625 0.35 0.3515625 0.4328125 0.3078125 0.4328125
4 0.453125 0.3875 0.4921875 0.3875 0.4921875 0.48125 0.453125 0.48125
4 0.5265625 0.3859375 0.578125 0.3859375 0.578125 0.4828125 0.5265625 0.4828125
4 0.459375 0.3625 0.5140625 0.3625 0.5140625 0.4390625 0.459375 0.4390625
4 0.446875 0.45625 0.5234375 0.45625 0.5234375 0.5890625 0.446875 0.5890625
4 0.5375 0.4515625 0.63125 0.4515625 0.63125 0.596875 0.5375 0.596875
4 0.69375 0.359375 0.753125 0.359375 0.753125 0.44375 0.69375 0.44375
4 0.5234375 0.3578125 0.5703125 0.3578125 0.5703125 0.434375 0.5234375 0.434375
4 0.759375 0.4046875 0.8390625 0.4046875 0.8390625 0.509375 0.759375 0.509375