3 0.0515625 0.15 0.115625 0.15 0.115625 0.2578125 0.0515625 0.2578125
3 0.1078125 0.1734375 0.203125 0.1734375 0.203125 0.2625 0.1078125 0.2625
3 0.1 0.2296875 0.26875 0.2296875 0.26875 0.684375 0.1 0.684375
3 0.2328125 0.2984375 0.3453125 0.2984375 0.3453125 0.6734375 0.2328125 0.6734375
3 0.49375 0.1625 0.565625 0.1625 0.565625 0.2875 0.49375 0.2875
3 0.4953125 0.3359375 0.58125 0.3359375 0.58125 0.4890625 0.4953125 0.4890625
3 0.4484375 0.54375 0.6328125 0.54375 0.6328125 0.834375 0.4484375 0.834375
3 0.6875 0.1671875 0.775 0.1671875 0.775 0.4421875 0.6875 0.4421875
3 0.7453125 0.3265625 0.8375 0.3265625 0.8375 0.48125 0.7453125 0.48125
3 0.8484375 0.3171875 0.934375 0.3171875 0.934375 0.478125 0.8484375 0.478125
3 0.8328125 0.5125 1 0.5125 1 0.79375 0.8328125 0.79375