3 0.021875 0.1453125 0.0984375 0.1453125 0.0984375 0.2640625 0.021875 0.2640625
3 0.09375 0.171875 0.1953125 0.171875 0.1953125 0.4234375 0.09375 0.4234375
3 0.0015625 0.4421875 0.20625 0.4421875 0.20625 1 0.0015625 1
3 0.2234375 0.3578125 0.3328125 0.3578125 0.3328125 0.490625 0.2234375 0.490625
3 0.4859375 0.15 0.540625 0.15 0.540625 0.271875 0.4859375 0.271875
3 0.490625 0.3359375 0.58125 0.3359375 0.58125 0.478125 0.490625 0.478125
2 0.45 0.41875 0.575 0.41875 0.575 0.8234375 0.45 0.8234375
3 0.6828125 0.1921875 0.784375 0.1921875 0.784375 0.4390625 0.6828125 0.4390625
3 0.75 0.3265625 0.8546875 0.3265625 0.8546875 0.471875 0.75 0.471875
3 0.859375 0.3125 0.9359375 0.3125 0.9359375 0.4796875 0.859375 0.4796875
3 0.846875 0.5375 0.9984375 0.5375 0.9984375 0.878125 0.846875 0.878125